version;3
active;1
interface;ppp0
nick;ppp0
created;1314373649
updated;1314714253
totalrx;145
totaltx;11
currx;2754560
curtx;651264
totalrxk;794
totaltxk;930
btime;1314697977
d;0;1314698949;2;0;642;636;1
d;1;1314612928;31;2;797;630;1
d;2;1314531064;47;4;971;105;1
d;3;1314438325;63;4;432;583;1
d;4;1314373649;0;0;0;0;1
d;5;0;0;0;0;0;0
d;6;0;0;0;0;0;0
d;7;0;0;0;0;0;0
d;8;0;0;0;0;0;0
d;9;0;0;0;0;0;0
d;10;0;0;0;0;0;0
d;11;0;0;0;0;0;0
d;12;0;0;0;0;0;0
d;13;0;0;0;0;0;0
d;14;0;0;0;0;0;0
d;15;0;0;0;0;0;0
d;16;0;0;0;0;0;0
d;17;0;0;0;0;0;0
d;18;0;0;0;0;0;0
d;19;0;0;0;0;0;0
d;20;0;0;0;0;0;0
d;21;0;0;0;0;0;0
d;22;0;0;0;0;0;0
d;23;0;0;0;0;0;0
d;24;0;0;0;0;0;0
d;25;0;0;0;0;0;0
d;26;0;0;0;0;0;0
d;27;0;0;0;0;0;0
d;28;0;0;0;0;0;0
d;29;0;0;0;0;0;0
m;0;1314373649;145;11;794;930;1
m;1;0;0;0;0;0;0
m;2;0;0;0;0;0;0
m;3;0;0;0;0;0;0
m;4;0;0;0;0;0;0
m;5;0;0;0;0;0;0
m;6;0;0;0;0;0;0
m;7;0;0;0;0;0;0
m;8;0;0;0;0;0;0
m;9;0;0;0;0;0;0
m;10;0;0;0;0;0;0
m;11;0;0;0;0;0;0
t;0;1314438325;63;4;432;583;1
t;1;1314531064;47;4;971;105;1
t;2;1314612928;31;2;797;630;1
t;3;0;0;0;0;0;0
t;4;0;0;0;0;0;0
t;5;0;0;0;0;0;0
t;6;0;0;0;0;0;0
t;7;0;0;0;0;0;0
t;8;0;0;0;0;0;0
t;9;0;0;0;0;0;0
h;0;0;0;0
h;1;0;0;0
h;2;0;0;0
h;3;0;0;0
h;4;0;0;0
h;5;0;0;0
h;6;0;0;0
h;7;0;0;0
h;8;0;0;0
h;9;0;0;0
h;10;0;0;0
h;11;1314701982;1733;263
h;12;1314705582;83;61
h;13;1314709183;71;59
h;14;1314712783;520;177
h;15;1314714253;283;76
h;16;1314633583;73;51
h;17;1314636463;1413;175
h;18;0;0;0
h;19;0;0;0
h;20;1314647976;3814;209
h;21;1314651577;200;62
h;22;1314655177;6566;262
h;23;1314658687;772;163
